8.91970682144
11.8490359783
13.7200567722
17.3474009037
40.8951151371
0.149988889694
finished select queries
6.61265087128
6.93135380745
3.78433799744
3.80802512169
0.640918970108
0.124806880951
finished cube queries
6.88164806366
6.9733748436
3.92843079567
3.83654880524
0.605311155319
0.136105060577
finished slice queries
2.13880085945
2.21674609184
2.04358696938
2.49986386299
3.18721485138
0.147523880005
finished attribute queries
238.026812077
237.649135113
172.025816917
173.366409063
468.794396162
490.288992882
317.684033871
1091.24875998
623.19005084
750.957817078
0.497866868973
0.170053005219
finished window queries
2.81485104561
3.40575003624
2.09411501884
2.44423794746
2.76467204094
3.4806740284
2.6775200367
3.2318880558
4.07553982735
0.168271064758
5.20688199997
0.148087978363
finished group queries
